#Time,Z,X,Y,Total Gs,
0.210000 1.052632 0.421053 -0.117647 1.139807
0.330000 1.052632 0.421053 -0.117647 1.139807
0.450000 1.052632 0.421053 -0.117647 1.139807
0.570000 1.052632 0.421053 -0.117647 1.139807
0.690000 1.052632 0.421053 -0.117647 1.139807
0.810000 1.052632 0.368421 -0.117647 1.121431
0.930000 1.052632 0.368421 -0.117647 1.121431
1.050000 1.052632 0.421053 -0.117647 1.139807
1.170000 1.052632 0.421053 -0.117647 1.139807
1.290000 1.000000 0.421053 -0.117647 1.091387
1.410000 1.000000 0.421053 -0.117647 1.091387
1.530000 1.052632 0.421053 -0.117647 1.139807
1.650000 1.000000 0.421053 -0.117647 1.091387
1.770000 1.000000 0.421053 -0.117647 1.091387
1.890000 1.000000 0.421053 -0.117647 1.091387
2.010000 1.000000 0.421053 -0.117647 1.091387
2.130000 1.052632 0.421053 -0.117647 1.139807
2.250000 1.000000 0.421053 -0.117647 1.091387
2.370000 1.000000 0.421053 -0.117647 1.091387
2.490000 1.000000 0.368421 -0.117647 1.072182
2.610000 1.000000 0.421053 -0.058824 1.086621
2.730000 1.000000 0.421053 -0.117647 1.091387
2.850000 1.052632 0.421053 -0.117647 1.139807
2.970000 1.105263 0.421053 -0.176471 1.195840
3.090000 0.894737 0.368421 -0.176471 0.983580
3.210000 1.000000 0.421053 -0.176471 1.099285
3.330000 1.000000 0.368421 -0.176471 1.080220
3.450000 1.000000 0.421053 -0.176471 1.099285
3.570000 1.052632 0.473684 -0.117647 1.160280
3.690000 1.000000 0.421053 -0.058824 1.086621
3.810000 1.052632 0.473684 -0.058824 1.155799
3.930000 1.000000 0.421053 -0.058824 1.086621
4.050000 1.000000 0.368421 -0.058824 1.067330
4.170000 1.052632 0.315789 -0.117647 1.105259
4.290000 1.052632 0.263158 -0.117647 1.091387
4.410000 1.000000 0.210526 -0.117647 1.028670
4.530000 1.000000 0.157895 -0.117647 1.019201
4.650000 1.000000 0.105263 -0.176471 1.020893
4.770000 1.000000 0.052632 -0.176471 1.016815
4.890000 0.947368 -0.052632 -0.176471 0.965100
5.010000 0.894737 -0.105263 -0.176471 0.918028
5.130000 0.947368 -0.105263 -0.235294 0.981810
5.250000 0.842105 -0.210526 -0.176471 0.885779
5.370000 0.842105 -0.263158 -0.235294 0.913103
5.490000 0.789474 -0.315789 -0.294118 0.899720
5.610000 0.736842 -0.473684 -0.294118 0.924023
5.730000 0.684211 -0.473684 -0.352941 0.903929
5.850000 0.631579 -0.526316 -0.294118 0.873158
5.970000 0.578947 -0.631579 -0.352941 0.926628
6.090000 0.526316 -0.631579 -0.352941 0.894689
6.210000 0.526316 -0.684211 -0.411765 0.956401
6.330000 0.473684 -0.684211 -0.352941 0.903929
6.450000 0.473684 -0.789474 -0.411765 1.008561
6.570000 0.368421 -0.736842 -0.470588 0.948748
6.690000 0.315789 -0.789474 -0.411765 0.944744
6.810000 0.210526 -0.842105 -0.352941 0.937033
6.930000 0.210526 -0.842105 -0.411765 0.960736
7.050000 0.157895 -0.947368 -0.411765 1.044982
7.170000 0.052632 -0.947368 -0.411765 1.034325
7.290000 0.000000 -1.000000 -0.470588 1.105194
7.410000 0.000000 -0.947368 -0.411765 1.032985
7.530000 -0.052632 -0.947368 -0.411765 1.034325
7.650000 -0.105263 -0.947368 -0.470588 1.063034
7.770000 -0.210526 -1.052632 -0.470588 1.172095
7.890000 -0.210526 -1.000000 -0.529412 1.150912
8.010000 -0.315789 -1.000000 -0.529412 1.174734
8.130000 -0.263158 -1.000000 -0.470588 1.136092
8.250000 -0.368421 -1.000000 -0.470588 1.164984
8.370000 -0.421053 -1.000000 -0.470588 1.182683
8.490000 -0.421053 -1.000000 -0.411765 1.160532
8.610000 -0.473684 -1.000000 -0.411765 1.180647
8.730000 -0.473684 -0.947368 -0.411765 1.136413
8.850000 -0.578947 -0.947368 -0.411765 1.184161
8.970000 -0.631579 -0.947368 -0.411765 1.210764
9.090000 -0.684211 -0.894737 -0.411765 1.199270
9.210000 -0.684211 -0.894737 -0.352941 1.180367
9.330000 -0.736842 -0.842105 -0.294118 1.156971
9.450000 -0.736842 -0.842105 -0.294118 1.156971
9.570000 -0.736842 -0.789474 -0.235294 1.105246
9.690000 -0.789474 -0.736842 -0.235294 1.105246
9.810000 -0.842105 -0.736842 -0.294118 1.156971
9.930000 -0.842105 -0.684211 -0.235294 1.110247
10.050000 -0.894737 -0.631579 -0.176471 1.109319
10.170000 -0.894737 -0.578947 -0.176471 1.080220
10.290000 -0.894737 -0.526316 -0.117647 1.044702
10.410000 -0.894737 -0.526316 -0.117647 1.044702
10.530000 -0.894737 -0.473684 -0.117647 1.019201
10.650000 -0.894737 -0.421053 -0.058824 0.990606
10.770000 -0.947368 -0.368421 -0.058824 1.018185
10.890000 -0.894737 -0.368421 -0.058824 0.969406
11.010000 -0.894737 -0.315789 -0.058824 0.950651
11.130000 -0.947368 -0.315789 -0.058824 1.000345
11.250000 -0.947368 -0.263158 0.000000 0.983239
11.370000 -0.894737 -0.210526 0.000000 0.919171
11.490000 -0.894737 -0.210526 0.000000 0.919171
11.610000 -0.894737 -0.210526 0.000000 0.919171
11.730000 -0.947368 -0.157895 0.000000 0.960436
11.850000 -0.894737 -0.157895 0.058824 0.910464
11.970000 -0.894737 -0.105263 0.058824 0.902826
12.090000 -0.894737 -0.105263 0.058824 0.902826
12.210000 -0.894737 -0.105263 0.058824 0.902826
12.330000 -0.947368 -0.105263 0.000000 0.953198
12.450000 -0.842105 -0.157895 0.000000 0.856780
12.570000 -0.894737 -0.263158 0.000000 0.932634
12.690000 -0.894737 -0.315789 0.000000 0.948829
12.810000 -0.894737 -0.315789 -0.058824 0.950651
12.930000 -0.894737 -0.421053 -0.117647 0.995831
13.050000 -0.947368 -0.421053 -0.117647 1.043376
13.170000 -0.947368 -0.473684 -0.117647 1.065704
13.290000 -0.894737 -0.526316 -0.117647 1.044702
13.410000 -0.894737 -0.578947 -0.176471 1.080220
13.530000 -0.894737 -0.631579 -0.176471 1.109319
13.650000 -0.842105 -0.684211 -0.176471 1.099285
13.770000 -0.789474 -0.789474 -0.235294 1.141009
13.890000 -0.736842 -0.842105 -0.294118 1.156971
14.010000 -0.736842 -0.894737 -0.294118 1.195824
14.130000 -0.684211 -0.894737 -0.294118 1.164132
14.250000 -0.631579 -0.947368 -0.352941 1.192043
14.370000 -0.526316 -0.947368 -0.352941 1.139773
14.490000 -0.578947 -1.000000 -0.411765 1.226674
14.610000 -0.473684 -1.000000 -0.411765 1.180647
14.730000 -0.368421 -1.000000 -0.411765 1.142490
14.850000 -0.263158 -1.000000 -0.529412 1.161692
14.970000 -0.210526 -1.000000 -0.470588 1.125066
15.090000 -0.157895 -1.000000 -0.529412 1.142457
15.210000 -0.052632 -0.947368 -0.470588 1.059118
15.330000 0.052632 -0.894737 -0.470588 1.012313
15.450000 0.157895 -0.842105 -0.470588 0.977510
15.570000 0.263158 -0.789474 -0.470588 0.956020
15.690000 0.315789 -0.789474 -0.529412 1.001633
15.810000 0.368421 -0.684211 -0.470588 0.908478
15.930000 0.473684 -0.631579 -0.470588 0.919088
16.050000 0.526316 -0.578947 -0.529412 0.944704
16.170000 0.631579 -0.526316 -0.352941 0.894689
16.290000 0.684211 -0.473684 -0.411765 0.928478
16.410000 0.736842 -0.368421 -0.411765 0.920989
16.530000 0.789474 -0.315789 -0.411765 0.944744
16.650000 0.789474 -0.210526 -0.470588 0.942891
16.770000 0.789474 -0.157895 -0.411765 0.904295
16.890000 0.842105 -0.105263 -0.470588 0.970399
17.010000 0.894737 -0.052632 -0.411765 0.986344
17.130000 0.842105 -0.052632 -0.411765 0.938862
17.250000 0.894737 -0.052632 -0.411765 0.986344
17.370000 0.842105 0.000000 -0.411765 0.937385
17.490000 0.842105 0.000000 -0.411765 0.937385
17.610000 0.894737 0.052632 -0.411765 0.986344
17.730000 0.894737 0.105263 -0.411765 0.990548
17.850000 0.789474 0.105263 -0.411765 0.896604
17.970000 0.842105 0.157895 -0.411765 0.950590
18.090000 0.842105 0.315789 -0.352941 0.966143
18.210000 0.842105 0.315789 -0.352941 0.966143
18.330000 0.789474 0.368421 -0.352941 0.939984
18.450000 0.842105 0.263158 -0.235294 0.913103
18.570000 1.052632 0.368421 0.176471 1.129119
18.690000 1.105263 0.368421 0.176471 1.178339
18.810000 1.105263 0.368421 0.176471 1.178339
18.930000 1.157895 0.526316 0.235294 1.293481
19.050000 1.157895 0.526316 0.176471 1.284083
19.170000 1.157895 0.473684 0.117647 1.256558
19.290000 1.105263 0.473684 -0.058824 1.203928
19.410000 1.210526 0.473684 -0.117647 1.305217
19.530000 -0.263158 -0.315789 -0.117647 0.427570
